0.0,71.0716401810565,53.91182358704805,61.80278371930509,47.46284589225668,20.933277568381868,90.9733781691862,92.59796994821303
71.0716401810565,0.0,58.324577673950884,38.52581802191602,60.609655227697154,45.24397235249742,5.771357854333181,35.88756866074353
53.91182358704805,58.324577673950884,0.0,54.289251063710076,51.64655461976063,29.495459441502536,64.84636214044333,53.91060113629275
61.80278371930509,38.52581802191602,54.289251063710076,0.0,32.801569640762985,17.515147871404135,6.420705520253767,79.65577582501957
47.46284589225668,60.609655227697154,51.64655461976063,32.801569640762985,0.0,72.90781122495801,10.694889467546954,60.94698825287198
20.933277568381868,45.24397235249742,29.495459441502536,17.515147871404135,72.90781122495801,0.0,72.72025432422674,37.926926661454566
90.9733781691862,5.771357854333181,64.84636214044333,6.420705520253767,10.694889467546954,72.72025432422674,0.0,58.62866347108381
92.59796994821303,35.88756866074353,53.91060113629275,79.65577582501957,60.94698825287198,37.926926661454566,58.62866347108381,0.0
